80.68 75.86 39.91 89.1 33.61 57.93 35.02 48.61 24.75 38.29 46.82 58.49 18.89 15.25 49.56 87.83
82.35 5.72 53.8 61.5 13.66 47.73 20.84 80.29 89.33 49.93 36.3 64.54 9.73 40.83 93.93 32.54 17.97
63.05 88.39 4.48 76.84 75.4 26.47 44.04 38.96 7.25 35.79 51.26 80.81 87.04 15.16 73.47 10.12
16.76 63.97 65.54 58.11 90.76 73.37 63.42 76.34 67.42 12.83 62.6 88.07 94.24 94.25 13.82 2.87
79.23 13.51 9.54 41.63 43.62 44.56 30.55 69.51 22.13 25.53 99.73 73.15 33.69 61.37 42.9 4.55
29.08 97.88 32.39 20.7 23.22 74.64 5.33 32.91 81.67 37.59 86.23 16.88 48.23 82.99 23.84 19.77
41.67 81.42 18.03 92.41 70.28 75.46 25.21 6.05 26.19 80.87 31.62 42.79 91.36 37.97 14.72 5.45
77.81 58.55 83.72 67.15 96.55 88.69 81.3 31.73 64.84 25.09 66.56 35.36 41.11 39.54 29.69 35.31
71.44 28.39 26.05 23.44 63.6 71.28 13.02 66.26 18.25 29.52 44.7 56.05 90.12 73.38 15.83 26.92
27.78 14.72 51.84 3.31 29.1 79.67 40.15 42.47 23.21 49.44 91.38 3.9 31.65 21.14 81.07 46.37
25.66 84.92 34.01 91.59 56.27 31 19.35 1.37 94.57 86.66 20.28 67.68 79.04 55.4 21.87 71.36 9.9
46.68 8.68 36.27 42.35 58.53 44.09 68.78 50.85 65.63 79.04 71.55 61.4 35.18 2.19 29.08 52.76
12.34 83.62 16.36 50.92 80.07 18.27 78.37 1.28 86.97 53.15 60.15 7.49 94.34 26.94 18.7 14.12
16.79 62.23 82.14 19.9 90.59 66.68 79.61 61.15 77.54 92.52 77.06 69.45 55.16 4.7 97.31 48.54
51.31 13.45 60.64 17.89 66.79 10.64 65.16 43.24 48.13 4.55 7.58 23.65 77.84 63.66 15.5 85.72
6.01 61.72 38.95 73.88 9.09 40.14 93.3 65.42 74.84 76.44 61.8 17.28 39.17 15.41 39.41 65.53
30.52 47.59 41.2 40.49 65.31 8.89 44.29 94.75 7.55 13.46 14.71 61.88 94.42 32.82 98.42 92.94
13.6 74.02 30.18 17.03 62.26 36.71 9.29 97.51 19.67 72.05 99.56 18.6 90.26 58.58 65.93 32.47
4.21 56.73 59.3 62.57 64.31 60.66 11.95 34.27 69.53 39.29 76.17 44.31 63.93 40.18 36.1 39 35.76
70.55 14.98 34.65 72.73 86.65 33.18 26.54 10.8 45.34 8.23 36.46 8.94 6.62 8.6 35.89 32.56 37.26
66.13 45.12 94.38 78.23 81.93 74.22 27.01 69.32 59.05 85.19 68.54 13.2 94.41 91.26 20.56 90.28
28.88 41.69 69.52 44.48 12.28 75.3 44.93 39.13 28.08 12.74 35.78 87.69 53.64 21.54 40.33 46.67
27.9 86.55 32.61 25 56.94 28.71 12.59 72.73 11.35 40.14 62.73 3.11 39.45 93.76 20.25 37 16.55
42.3 11.93 95.23 38.64 36.69 40.09 25.64 17.05 64.56 4.17 87.34 77.3 22.91 65.14 84.23 95.36
17.03 22.8 36.32 97.51 40.71 68.29 29.72 63.69 32.26 34.58 29.05